64 476
0 1
0 2
0 3
0 4
0 5
0 6
0 7
0 8
0 16
0 24
0 32
0 40
0 48
0 56
1 8
1 9
1 10
1 11
1 12
1 13
1 14
1 15
1 16
1 24
1 32
1 40
1 48
1 56
2 8
2 16
2 17
2 18
2 19
2 20
2 21
2 22
2 23
2 24
2 32
2 40
2 48
2 56
3 8
3 16
3 24
3 25
3 26
3 27
3 28
3 29
3 30
3 31
3 32
3 40
3 48
3 56
4 8
4 16
4 24
4 32
4 33
4 34
4 35
4 36
4 37
4 38
4 39
4 40
4 48
4 56
5 8
5 16
5 24
5 32
5 40
5 41
5 42
5 43
5 44
5 45
5 46
5 47
5 48
5 56
6 8
6 16
6 24
6 32
6 40
6 48
6 49
6 50
6 51
6 52
6 53
6 54
6 55
6 56
7 8
7 16
7 24
7 32
7 40
7 48
7 56
7 57
7 58
7 59
7 60
7 61
7 62
7 63
8 9
8 17
8 25
8 33
8 41
8 49
8 57
9 10
9 11
9 12
9 13
9 14
9 15
9 17
9 25
9 33
9 41
9 49
9 57
10 16
10 17
10 18
10 19
10 20
10 21
10 22
10 23
10 25
10 33
10 41
10 49
10 57
11 17
11 24
11 25
11 26
11 27
11 28
11 29
11 30
11 31
11 33
11 41
11 49
11 57
12 17
12 25
12 32
12 33
12 34
12 35
12 36
12 37
12 38
12 39
12 41
12 49
12 57
13 17
13 25
13 33
13 40
13 41
13 42
13 43
13 44
13 45
13 46
13 47
13 49
13 57
14 17
14 25
14 33
14 41
14 48
14 49
14 50
14 51
14 52
14 53
14 54
14 55
14 57
15 17
15 25
15 33
15 41
15 49
15 56
15 57
15 58
15 59
15 60
15 61
15 62
15 63
16 18
16 26
16 34
16 42
16 50
16 58
17 18
17 26
17 34
17 42
17 50
17 58
18 19
18 20
18 21
18 22
18 23
18 26
18 34
18 42
18 50
18 58
19 24
19 25
19 26
19 27
19 28
19 29
19 30
19 31
19 34
19 42
19 50
19 58
20 26
20 32
20 33
20 34
20 35
20 36
20 37
20 38
20 39
20 42
20 50
20 58
21 26
21 34
21 40
21 41
21 42
21 43
21 44
21 45
21 46
21 47
21 50
21 58
22 26
22 34
22 42
22 48
22 49
22 50
22 51
22 52
22 53
22 54
22 55
22 58
23 26
23 34
23 42
23 50
23 56
23 57
23 58
23 59
23 60
23 61
23 62
23 63
24 27
24 35
24 43
24 51
24 59
25 27
25 35
25 43
25 51
25 59
26 27
26 35
26 43
26 51
26 59
27 28
27 29
27 30
27 31
27 35
27 43
27 51
27 59
28 32
28 33
28 34
28 35
28 36
28 37
28 38
28 39
28 43
28 51
28 59
29 35
29 40
29 41
29 42
29 43
29 44
29 45
29 46
29 47
29 51
29 59
30 35
30 43
30 48
30 49
30 50
30 51
30 52
30 53
30 54
30 55
30 59
31 35
31 43
31 51
31 56
31 57
31 58
31 59
31 60
31 61
31 62
31 63
32 36
32 44
32 52
32 60
33 36
33 44
33 52
33 60
34 36
34 44
34 52
34 60
35 36
35 44
35 52
35 60
36 37
36 38
36 39
36 44
36 52
36 60
37 40
37 41
37 42
37 43
37 44
37 45
37 46
37 47
37 52
37 60
38 44
38 48
38 49
38 50
38 51
38 52
38 53
38 54
38 55
38 60
39 44
39 52
39 56
39 57
39 58
39 59
39 60
39 61
39 62
39 63
40 45
40 53
40 61
41 45
41 53
41 61
42 45
42 53
42 61
43 45
43 53
43 61
44 45
44 53
44 61
45 46
45 47
45 53
45 61
46 48
46 49
46 50
46 51
46 52
46 53
46 54
46 55
46 61
47 53
47 56
47 57
47 58
47 59
47 60
47 61
47 62
47 63
48 54
48 62
49 54
49 62
50 54
50 62
51 54
51 62
52 54
52 62
53 54
53 62
54 55
54 62
55 56
55 57
55 58
55 59
55 60
55 61
55 62
55 63
56 63
57 63
58 63
59 63
60 63
61 63
62 63
